0 0
5 20
5 0
7 20
9 0
10 20
13 0
14 20
16 0
18 20
21 0
21 20
24 0
26 20
28 0
29 20
32 0
33 20
35 0
37 20
40 0
40 20
43 0
45 20
47 0
48 20
51 0
52 20
54 0
56 20
59 0
59 20
62 0
64 20
66 0
67 20
70 0
71 20
73 0
75 20
78 0
78 20
81 0
83 20
85 0
86 20
89 0
90 20
92 0
94 20
97 0
97 20
100 0
102 20
104 0
105 20
108 0
109 20
111 0
113 20
116 0
116 20
119 0
121 20
123 0
124 20
127 0
128 20
130 0
132 20
135 0
135 20
138 0
140 20
142 0
143 20
146 0
147 20
149 0
151 20
154 0
154 20
157 0
159 20
161 0
162 20
165 0
166 20
168 0
170 20
173 0
173 20
176 0
178 20
180 0
181 20
184 0
185 20
187 0
189 20
192 0
192 20
195 0
197 20
199 0
